+--------+----------+----------------------+-----------------------+-----------------+---------------+------------+--------------------+--------------+--------------+--------------+-------------+-------+---------+------------+--------------+-----------------------+--------------+----------------------+
| [38;2;0;255;95;01mindex[39;00m  | [38;2;0;255;95;01mVendorID[39;00m | [38;2;0;255;95;01mtpep_pickup_datetime[39;00m | [38;2;0;255;95;01mtpep_dropoff_datetime[39;00m | [38;2;0;255;95;01mpassenger_count[39;00m | [38;2;0;255;95;01mtrip_distance[39;00m | [38;2;0;255;95;01mRatecodeID[39;00m | [38;2;0;255;95;01mstore_and_fwd_flag[39;00m | [38;2;0;255;95;01mPULocationID[39;00m | [38;2;0;255;95;01mDOLocationID[39;00m | [38;2;0;255;95;01mpayment_type[39;00m | [38;2;0;255;95;01mfare_amount[39;00m | [38;2;0;255;95;01mextra[39;00m | [38;2;0;255;95;01mmta_tax[39;00m | [38;2;0;255;95;01mtip_amount[39;00m | [38;2;0;255;95;01mtolls_amount[39;00m | [38;2;0;255;95;01mimprovement_surcharge[39;00m | [38;2;0;255;95;01mtotal_amount[39;00m | [38;2;0;255;95;01mcongestion_surcharge[39;00m |
|--------+----------+----------------------+-----------------------+-----------------+---------------+------------+--------------------+--------------+--------------+--------------+-------------+-------+---------+------------+--------------+-----------------------+--------------+----------------------|
| 100000 | 2        | 2021-01-04 14:42:51  | 2021-01-04 14:51:18   | 1               | 1.43          | 1          | N                  | 170          | 161          | 2            | 7.5         | 0.0   | 0.5     | 0.0        | 0.0          | 0.3                   | 10.8         | 2.5                  |
| 100001 | 2        | 2021-01-04 14:04:39  | 2021-01-04 14:18:41   | 1               | 2.82          | 1          | N                  | 170          | 143          | 2            | 12.0        | 0.0   | 0.5     | 0.0        | 0.0          | 0.3                   | 15.3         | 2.5                  |
| 100002 | 1        | 2021-01-04 14:12:49  | 2021-01-04 14:31:21   | 0               | 2.7           | 1          | N                  | 68           | 239          | 1            | 13.5        | 2.5   | 0.5     | 3.35       | 0.0          | 0.3                   | 20.15        | 2.5                  |
| 100003 | 1        | 2021-01-04 14:43:55  | 2021-01-04 14:48:45   | 1               | 0.7           | 1          | N                  | 246          | 68           | 2            | 5.5         | 2.5   | 0.5     | 0.0        | 0.0          | 0.3                   | 8.8          | 2.5                  |
| 100004 | 1        | 2021-01-04 14:59:16  | 2021-01-04 15:07:08   | 1               | 1.6           | 1          | N                  | 161          | 234          | 1            | 8.0         | 2.5   | 0.5     | 2.25       | 0.0          | 0.3                   | 13.55        | 2.5                  |
| 100005 | 2        | 2021-01-04 14:19:25  | 2021-01-04 14:27:25   | 1               | 2.04          | 1          | N                  | 48           | 234          | 1            | 8.5         | 0.0   | 0.5     | 2.36       | 0.0          | 0.3                   | 14.16        | 2.5                  |
| 100006 | 1        | 2021-01-04 14:05:13  | 2021-01-04 14:09:53   | 1               | 0.9           | 1          | N                  | 161          | 229          | 1            | 5.5         | 2.5   | 0.5     | 1.75       | 0.0          | 0.3                   | 10.55        | 2.5                  |
| 100007 | 1        | 2021-01-04 14:13:43  | 2021-01-04 14:25:17   | 1               | 2.4           | 1          | N                  | 233          | 90           | 1            | 10.5        | 2.5   | 0.5     | 2.5        | 0.0          | 0.3                   | 16.3         | 2.5                  |
| 100008 | 1        | 2021-01-04 14:39:19  | 2021-01-04 14:44:26   | 1               | 0.8           | 1          | N                  | 113          | 79           | 2            | 5.0         | 2.5   | 0.5     | 0.0        | 0.0          | 0.3                   | 8.3          | 2.5                  |
| 100009 | 1        | 2021-01-04 14:49:23  | 2021-01-04 15:08:45   | 1               | 4.3           | 1          | N                  | 79           | 236          | 1            | 16.5        | 2.5   | 0.5     | 2.0        | 0.0          | 0.3                   | 21.8         | 2.5                  |
| 100010 | 1        | 2021-01-04 14:12:32  | 2021-01-04 14:16:19   | 1               | 0.1           | 1          | N                  | 43           | 161          | 4            | 4.0         | 2.5   | 0.5     | 0.0        | 0.0          | 0.3                   | 7.3          | 2.5                  |
| 100011 | 1        | 2021-01-04 14:44:36  | 2021-01-04 14:57:40   | 1               | 2.4           | 1          | N                  | 137          | 237          | 1            | 10.5        | 2.5   | 0.5     | 4.1        | 0.0          | 0.3                   | 17.9         | 2.5                  |
| 100012 | 1        | 2021-01-04 14:00:26  | 2021-01-04 14:12:06   | 1               | 1.7           | 1          | N                  | 239          | 237          | 1            | 9.5         | 2.5   | 0.5     | 1.0        | 0.0          | 0.3                   | 13.8         | 2.5                  |
| 100013 | 1        | 2021-01-04 14:22:45  | 2021-01-04 14:33:27   | 1               | 1.0           | 1          | N                  | 141          | 229          | 1            | 8.0         | 2.5   | 0.5     | 2.25       | 0.0          | 0.3                   | 13.55        | 2.5                  |
| 100014 | 1        | 2021-01-04 14:26:34  | 2021-01-04 14:37:09   | 1               | 0.0           | 1          | N                  | 87           | 144          | 1            | 11.2        | 0.0   | 0.5     | 0.0        | 0.0          | 0.3                   | 12.0         | 0.0                  |
| 100015 | 2        | 2021-01-04 13:56:41  | 2021-01-04 14:01:44   | 6               | 0.99          | 1          | N                  | 90           | 158          | 1            | 5.5         | 0.0   | 0.5     | 0.0        | 0.0          | 0.3                   | 8.8          | 2.5                  |
| 100016 | 2        | 2021-01-04 14:10:58  | 2021-01-04 14:18:41   | 6               | 1.92          | 1          | N                  | 90           | 48           | 1            | 8.5         | 0.0   | 0.5     | 1.0        | 0.0          | 0.3                   | 12.8         | 2.5                  |
| 100017 | 2        | 2021-01-04 14:24:19  | 2021-01-04 14:38:47   | 1               | 2.17          | 1          | N                  | 237          | 137          | 1            | 11.0        | 0.0   | 0.5     | 2.86       | 0.0          | 0.3                   | 17.16        | 2.5                  |
| 100018 | 2        | 2021-01-04 14:47:02  | 2021-01-04 14:56:34   | 1               | 4.09          | 1          | N                  | 137          | 87           | 1            | 13.0        | 0.0   | 0.5     | 3.26       | 0.0          | 0.3                   | 19.56        | 2.5                  |
| 100019 | 1        | 2021-01-04 14:09:29  | 2021-01-04 14:21:51   | 1               | 2.5           | 1          | N                  | 143          | 24           | 2            | 10.5        | 2.5   | 0.5     | 0.0        | 0.0          | 0.3                   | 13.8         | 2.5                  |
| 100020 | 1        | 2021-01-04 14:43:32  | 2021-01-04 14:50:37   | 1               | 0.8           | 1          | N                  | 48           | 163          | 2            | 6.5         | 2.5   | 0.5     | 0.0        | 0.0          | 0.3                   | 9.8          | 2.5                  |
| 100021 | 1        | 2021-01-04 14:58:00  | 2021-01-04 15:01:03   | 1               | 0.5           | 1          | N                  | 161          | 237          | 1            | 4.0         | 2.5   | 0.5     | 2.15       | 0.0          | 0.3                   | 9.45         | 2.5                  |
| 100022 | 1        | 2021-01-04 14:46:12  | 2021-01-04 14:51:38   | 1               | 0.7           | 1          | N                  | 163          | 237          | 1            | 5.5         | 2.5   | 0.5     | 1.0        | 0.0          | 0.3                   | 9.8          | 2.5                  |
| 100023 | 1        | 2021-01-04 14:09:55  | 2021-01-04 14:14:32   | 1               | 0.7           | 1          | N                  | 142          | 143          | 2            | 5.0         | 2.5   | 0.5     | 0.0        | 0.0          | 0.3                   | 8.3          | 2.5                  |
| 100024 | 1        | 2021-01-04 14:41:31  | 2021-01-04 14:51:13   | 1               | 1.8           | 1          | N                  | 166          | 238          | 2            | 9.5         | 2.5   | 0.5     | 0.0        | 0.0          | 0.3                   | 12.8         | 2.5                  |
| 100025 | 1        | 2021-01-04 14:46:38  | 2021-01-04 14:52:52   | 2               | 0.5           | 1          | N                  | 237          | 237          | 1            | 5.5         | 2.5   | 0.5     | 1.32       | 0.0          | 0.3                   | 10.12        | 2.5                  |
| 100026 | 1        | 2021-01-04 14:57:59  | 2021-01-04 15:23:57   | 1               | 5.5           | 1          | N                  | 162          | 256          | 1            | 21.0        | 2.5   | 0.5     | 3.0        | 0.0          | 0.3                   | 27.3         | 2.5                  |
| 100027 | 1        | 2021-01-04 14:56:51  | 2021-01-04 15:02:28   | 1               | 0.8           | 1          | N                  | 142          | 239          | 1            | 5.5         | 2.5   | 0.5     | 3.0        | 0.0          | 0.3                   | 11.8         | 2.5                  |
| 100028 | 1        | 2021-01-04 14:51:30  | 2021-01-04 15:13:29   | 1               | 9.3           | 1          | N                  | 138          | 164          | 1            | 28.0        | 2.5   | 0.5     | 9.35       | 6.12         | 0.3                   | 46.77        | 2.5                  |
| 100029 | 2        | 2021-01-04 14:22:15  | 2021-01-04 14:30:27   | 1               | 1.03          | 1          | N                  | 162          | 186          | 1            | 7.0         | 0.0   | 0.5     | 1.2        | 0.0          | 0.3                   | 11.5         | 2.5                  |
| 100030 | 1        | 2021-01-04 14:32:11  | 2021-01-04 14:48:15   | 1               | 3.0           | 1          | N                  | 231          | 231          | 1            | 12.5        | 2.5   | 0.5     | 1.0        | 0.0          | 0.3                   | 16.8         | 2.5                  |
| 100031 | 2        | 2021-01-04 14:15:19  | 2021-01-04 14:26:08   | 1               | 2.4           | 1          | N                  | 68           | 231          | 1            | 10.0        | 0.0   | 0.5     | 3.33       | 0.0          | 0.3                   | 16.63        | 2.5                  |
| 100032 | 2        | 2021-01-04 14:41:30  | 2021-01-04 14:44:33   | 1               | 1.01          | 1          | N                  | 48           | 142          | 1            | 5.0         | 0.0   | 0.5     | 1.66       | 0.0          | 0.3                   | 9.96         | 2.5                  |
| 100033 | 1        | 2021-01-04 14:09:49  | 2021-01-04 14:42:17   | 1               | 18.0          | 2          | N                  | 132          | 107          | 1            | 52.0        | 2.5   | 0.5     | 12.25      | 6.12         | 0.3                   | 73.67        | 2.5                  |
| 100034 | 1        | 2021-01-04 14:52:17  | 2021-01-04 14:55:16   | 1               | 1.2           | 1          | N                  | 233          | 140          | 1            | 5.5         | 2.5   | 0.5     | 1.0        | 0.0          | 0.3                   | 9.8          | 2.5                  |
| 100035 | 1        | 2021-01-04 14:01:38  | 2021-01-04 14:07:12   | 1               | 0.7           | 1          | N                  | 162          | 161          | 2            | 5.5         | 2.5   | 0.5     | 0.0        | 0.0          | 0.3                   | 8.8          | 2.5                  |
| 100036 | 1        | 2021-01-04 14:11:03  | 2021-01-04 14:24:31   | 2               | 2.8           | 1          | N                  | 164          | 238          | 2            | 12.0        | 2.5   | 0.5     | 0.0        | 0.0          | 0.3                   | 15.3         | 2.5                  |
| 100037 | 2        | 2021-01-04 14:53:00  | 2021-01-04 15:29:39   | 1               | 18.46         | 2          | N                  | 132          | 50           | 2            | 52.0        | 0.0   | 0.5     | 0.0        | 6.12         | 0.3                   | 61.42        | 2.5                  |
| 100038 | 1        | 2021-01-04 14:02:28  | 2021-01-04 14:16:12   | 1               | 6.4           | 1          | N                  | 88           | 140          | 2            | 20.0        | 2.5   | 0.5     | 0.0        | 0.0          | 0.3                   | 23.3         | 2.5                  |
| 100039 | 1        | 2021-01-04 14:26:09  | 2021-01-04 14:33:00   | 2               | 1.5           | 1          | N                  | 162          | 100          | 1            | 7.0         | 2.5   | 0.5     | 2.05       | 0.0          | 0.3                   | 12.35        | 2.5                  |
| 100040 | 1        | 2021-01-04 14:34:53  | 2021-01-04 14:42:31   | 1               | 1.2           | 1          | N                  | 100          | 161          | 1            | 7.0         | 2.5   | 0.5     | 2.05       | 0.0          | 0.3                   | 12.35        | 2.5                  |
| 100041 | 1        | 2021-01-04 14:45:48  | 2021-01-04 14:52:02   | 1               | 0.9           | 1          | N                  | 161          | 100          | 2            | 6.0         | 2.5   | 0.5     | 0.0        | 0.0          | 0.3                   | 9.3          | 2.5                  |
| 100042 | 1        | 2021-01-04 14:55:48  | 2021-01-04 15:12:44   | 2               | 4.9           | 1          | N                  | 236          | 244          | 1            | 17.0        | 2.5   | 0.5     | 1.62       | 0.0          | 0.3                   | 21.92        | 2.5                  |
| 100043 | 2        | 2021-01-04 14:07:40  | 2021-01-04 14:14:30   | 1               | 1.22          | 1          | N                  | 163          | 236          | 1            | 6.5         | 0.0   | 0.5     | 1.47       | 0.0          | 0.3                   | 11.27        | 2.5                  |
| 100044 | 2        | 2021-01-04 14:18:33  | 2021-01-04 14:24:18   | 1               | 0.92          | 1          | N                  | 236          | 75           | 1            | 6.0         | 0.0   | 0.5     | 0.93       | 0.0          | 0.3                   | 10.23        | 2.5                  |
| 100045 | 1        | 2021-01-04 14:55:11  | 2021-01-04 15:30:58   | 1               | 15.4          | 1          | N                  | 132          | 71           | 2            | 45.5        | 0.0   | 0.5     | 0.0        | 0.0          | 0.3                   | 46.3         | 0.0                  |
| 100046 | 1        | 2021-01-04 14:15:30  | 2021-01-04 14:21:25   | 1               | 1.1           | 1          | N                  | 161          | 170          | 1            | 6.0         | 2.5   | 0.5     | 1.86       | 0.0          | 0.3                   | 11.16        | 2.5                  |
| 100047 | 2        | 2021-01-04 14:09:40  | 2021-01-04 14:32:44   | 2               | 7.76          | 1          | N                  | 138          | 112          | 1            | 25.0        | 0.0   | 0.5     | 5.16       | 0.0          | 0.3                   | 30.96        | 0.0                  |
| 100048 | 2        | 2021-01-04 14:19:46  | 2021-01-04 14:29:13   | 6               | 1.67          | 1          | N                  | 229          | 236          | 1            | 8.5         | 0.0   | 0.5     | 2.95       | 0.0          | 0.3                   | 14.75        | 2.5                  |
| 100049 | 2        | 2021-01-04 14:04:51  | 2021-01-04 14:29:13   | 1               | 4.84          | 1          | N                  | 237          | 231          | 1            | 19.0        | 0.0   | 0.5     | 4.46       | 0.0          | 0.3                   | 26.76        | 2.5                  |
| 100050 | 2        | 2021-01-04 14:57:06  | 2021-01-04 15:00:42   | 1               | 0.33          | 1          | N                  | 229          | 229          | 2            | 4.0         | 0.0   | 0.5     | 0.0        | 0.0          | 0.3                   | 7.3          | 2.5                  |
| 100051 | 2        | 2021-01-04 14:06:20  | 2021-01-04 14:14:46   | 1               | 1.54          | 1          | N                  | 170          | 237          | 1            | 7.5         | 0.0   | 0.5     | 2.16       | 0.0          | 0.3                   | 12.96        | 2.5                  |
| 100052 | 2        | 2021-01-04 14:25:39  | 2021-01-04 14:33:19   | 1               | 1.71          | 1          | N                  | 164          | 113          | 1            | 7.5         | 0.0   | 0.5     | 1.5        | 0.0          | 0.3                   | 12.3         | 2.5                  |
| 100053 | 2        | 2021-01-04 14:46:28  | 2021-01-04 14:57:37   | 1               | 1.65          | 1          | N                  | 151          | 75           | 1            | 9.0         | 0.0   | 0.5     | 1.96       | 0.0          | 0.3                   | 11.76        | 0.0                  |
| 100054 | 1        | 2021-01-04 14:49:16  | 2021-01-04 15:09:17   | 1               | 2.9           | 1          | N                  | 48           | 262          | 1            | 15.0        | 2.5   | 0.5     | 3.65       | 0.0          | 0.3                   | 21.95        | 2.5                  |
| 100055 | 1        | 2021-01-04 14:17:58  | 2021-01-04 14:27:44   | 1               | 2.3           | 1          | N                  | 68           | 142          | 1            | 9.5         | 2.5   | 0.5     | 1.5        | 0.0          | 0.3                   | 14.3         | 2.5                  |
| 100056 | 2        | 2021-01-04 13:57:16  | 2021-01-04 14:06:12   | 3               | 1.5           | 1          | N                  | 125          | 107          | 2            | 8.0         | 0.0   | 0.5     | 0.0        | 0.0          | 0.3                   | 11.3         | 2.5                  |
| 100057 | 2        | 2021-01-04 14:12:49  | 2021-01-04 14:16:15   | 2               | 1.08          | 1          | N                  | 137          | 79           | 2            | 5.0         | 0.0   | 0.5     | 0.0        | 0.0          | 0.3                   | 8.3          | 2.5                  |
| 100058 | 2        | 2021-01-04 14:19:10  | 2021-01-04 14:23:33   | 2               | 1.13          | 1          | N                  | 79           | 137          | 1            | 5.5         | 0.0   | 0.5     | 1.76       | 0.0          | 0.3                   | 10.56        | 2.5                  |
| 100059 | 2        | 2021-01-04 14:43:47  | 2021-01-04 14:49:44   | 3               | 1.04          | 1          | N                  | 79           | 4            | 2            | 6.0         | 0.0   | 0.5     | 0.0        | 0.0          | 0.3                   | 9.3          | 2.5                  |
| 100060 | 2        | 2021-01-04 14:37:40  | 2021-01-04 14:48:53   | 1               | 0.88          | 1          | N                  | 140          | 236          | 2            | 8.0         | 0.0   | 0.5     | 0.0        | 0.0          | 0.3                   | 11.3         | 2.5                  |
| 100061 | 2        | 2021-01-04 14:13:15  | 2021-01-04 14:19:27   | 3               | 0.78          | 1          | N                  | 186          | 48           | 1            | 6.0         | 0.0   | 0.5     | 1.86       | 0.0          | 0.3                   | 11.16        | 2.5                  |
| 100062 | 1        | 2021-01-04 14:05:54  | 2021-01-04 14:21:20   | 1               | 2.9           | 1          | N                  | 68           | 239          | 1            | 12.5        | 2.5   | 0.5     | 10.0       | 0.0          | 0.3                   | 25.8         | 2.5                  |
| 100063 | 1        | 2021-01-04 14:24:39  | 2021-01-04 14:42:53   | 2               | 4.5           | 1          | N                  | 239          | 107          | 1            | 17.0        | 2.5   | 0.5     | 2.0        | 0.0          | 0.3                   | 22.3         | 2.5                  |
| 100064 | 2        | 2021-01-04 14:20:10  | 2021-01-04 14:43:14   | 1               | 3.64          | 1          | N                  | 24           | 140          | 2            | 17.0        | 0.0   | 0.5     | 0.0        | 0.0          | 0.3                   | 20.3         | 2.5                  |
| 100065 | 2        | 2021-01-04 14:51:29  | 2021-01-04 15:11:09   | 1               | 3.37          | 1          | N                  | 229          | 75           | 1            | 16.0        | 0.0   | 0.5     | 3.86       | 0.0          | 0.3                   | 23.16        | 2.5                  |
| 100066 | 1        | 2021-01-04 14:38:50  | 2021-01-04 14:55:02   | 1               | 5.3           | 1          | N                  | 238          | 244          | 1            | 18.0        | 2.5   | 0.5     | 4.25       | 0.0          | 0.3                   | 25.55        | 2.5                  |
| 100067 | 2        | 2021-01-04 14:02:43  | 2021-01-04 14:08:58   | 1               | 1.0           | 1          | N                  | 186          | 161          | 1            | 6.0         | 0.0   | 0.5     | 1.86       | 0.0          | 0.3                   | 11.16        | 2.5                  |
| 100068 | 2        | 2021-01-04 14:11:29  | 2021-01-04 14:20:37   | 1               | 1.53          | 1          | N                  | 161          | 236          | 1            | 8.0         | 0.0   | 0.5     | 2.82       | 0.0          | 0.3                   | 14.12        | 2.5                  |
| 100069 | 1        | 2021-01-04 14:13:06  | 2021-01-04 14:18:26   | 1               | 0.8           | 1          | N                  | 161          | 229          | 1            | 5.5         | 2.5   | 0.5     | 1.75       | 0.0          | 0.3                   | 10.55        | 2.5                  |
| 100070 | 1        | 2021-01-04 14:20:37  | 2021-01-04 14:28:40   | 1               | 1.7           | 1          | N                  | 229          | 263          | 1            | 8.0         | 2.5   | 0.5     | 2.25       | 0.0          | 0.3                   | 13.55        | 2.5                  |
| 100071 | 1        | 2021-01-04 14:31:32  | 2021-01-04 14:38:28   | 2               | 1.3           | 1          | N                  | 263          | 75           | 1            | 7.0         | 2.5   | 0.5     | 2.05       | 0.0          | 0.3                   | 12.35        | 2.5                  |
| 100072 | 1        | 2021-01-04 14:53:37  | 2021-01-04 14:55:02   | 1               | 0.1           | 1          | N                  | 237          | 237          | 2            | 3.0         | 2.5   | 0.5     | 0.0        | 0.0          | 0.3                   | 6.3          | 2.5                  |
| 100073 | 2        | 2021-01-04 14:18:30  | 2021-01-04 14:46:36   | 1               | 15.63         | 1          | N                  | 132          | 80           | 1            | 43.5        | 0.0   | 0.5     | 8.86       | 0.0          | 0.3                   | 53.16        | 0.0                  |
| 100074 | 2        | 2021-01-04 14:56:07  | 2021-01-04 15:22:09   | 1               | 7.93          | 1          | N                  | 138          | 24           | 1            | 27.0        | 0.0   | 0.5     | 8.48       | 6.12         | 0.3                   | 42.4         | 0.0                  |
| 100075 | 1        | 2021-01-04 14:10:53  | 2021-01-04 14:13:55   | 1               | 0.4           | 1          | N                  | 162          | 161          | 1            | 4.0         | 2.5   | 0.5     | 2.15       | 0.0          | 0.3                   | 9.45         | 2.5                  |
| 100076 | 1        | 2021-01-04 14:18:29  | 20